0.322929	0.230016	0.188256	0.163235	0.146107	0.133434	0.12358	0.115632	0.109035	0.103462	0.0986539	0.0944674	0.0907679	0.0874724	0.0845124	0.0818347	0.079397	0.07716	0.0751074	0.0732109
0.500171	0.355983	0.291279	0.252531	0.226016	0.206403	0.191153	0.178854	0.168646	0.160023	0.152586	0.146108	0.140385	0.135287	0.130708	0.126566	0.122795	0.119335	0.11616	0.113226
0.638104	0.454013	0.371453	0.322024	0.288203	0.263189	0.24374	0.228054	0.215038	0.20404	0.194556	0.186296	0.178999	0.172498	0.166659	0.161377	0.156568	0.152157	0.148107	0.144366
0.75506	0.537134	0.439435	0.380948	0.340933	0.311339	0.28833	0.269772	0.254373	0.241363	0.230144	0.220372	0.211739	0.204049	0.197142	0.190893	0.185205	0.179987	0.175197	0.170771
0.858428	0.610598	0.499518	0.433026	0.387536	0.353895	0.327738	0.306643	0.289139	0.274349	0.261597	0.250489	0.240676	0.231935	0.224084	0.216981	0.210514	0.204583	0.199138	0.194107
0.952067	0.677149	0.553946	0.480202	0.429754	0.392445	0.363438	0.340043	0.320633	0.304232	0.29009	0.277772	0.26689	0.257196	0.24849	0.240613	0.233442	0.226865	0.220827	0.215248
1.0383	0.738433	0.604068	0.523646	0.468631	0.427945	0.396313	0.370802	0.349635	0.331749	0.316329	0.302896	0.29103	0.280459	0.270965	0.262375	0.254556	0.247384	0.240799	0.234716
1.11864	0.795533	0.650768	0.564124	0.504853	0.461022	0.426944	0.39946	0.376657	0.357388	0.340776	0.326305	0.313521	0.302133	0.291905	0.282652	0.274228	0.266502	0.259408	0.252854
1.19416	0.849205	0.694663	0.602171	0.538901	0.492112	0.455735	0.426397	0.402056	0.381488	0.363755	0.348307	0.334662	0.322506	0.311588	0.301711	0.292719	0.284471	0.2769	0.269903
1.26563	0.899999	0.736206	0.638179	0.571123	0.521536	0.482983	0.45189	0.426094	0.404295	0.385502	0.369131	0.35467	0.341787	0.330216	0.319748	0.310218	0.301478	0.293454	0.286039
1.33364	0.948336	0.775739	0.672445	0.601787	0.549537	0.508913	0.47615	0.448968	0.425999	0.406197	0.388947	0.373709	0.360135	0.347943	0.336913	0.326871	0.317662	0.309206	0.301394
1.39865	0.99454	0.813527	0.705198	0.631097	0.576301	0.533699	0.499339	0.470834	0.446746	0.425979	0.407889	0.391908	0.377673	0.364887	0.35332	0.34279	0.333132	0.324264	0.316071
1.46103	1.03887	0.849784	0.736624	0.65922	0.601981	0.557479	0.521589	0.491813	0.466651	0.444959	0.426063	0.40937	0.394501	0.381145	0.369062	0.358062	0.347974	0.338712	0.330154
1.52107	1.08154	0.884681	0.766872	0.686288	0.626698	0.580369	0.543004	0.512005	0.485811	0.463228	0.443555	0.426177	0.410697	0.396793	0.384214	0.372763	0.36226	0.352618	0.343708
1.57901	1.12272	0.918361	0.796065	0.712412	0.650553	0.60246	0.563672	0.531493	0.504301	0.480859	0.460437	0.442398	0.426329	0.411895	0.398838	0.38695	0.376048	0.366038	0.356789
1.63507	1.16256	0.950943	0.824306	0.737684	0.67363	0.62383	0.583667	0.550346	0.52219	0.497915	0.47677	0.45809	0.441451	0.426505	0.412984	0.400675	0.389387	0.379022	0.369445
1.68941	1.20118	0.982528	0.851683	0.762183	0.696001	0.644547	0.60305	0.568622	0.53953	0.51445	0.492602	0.473302	0.45611	0.440668	0.426698	0.41398	0.402317	0.391608	0.381713
1.74218	1.23868	1.0132	0.87827	0.785975	0.717727	0.664667	0.621873	0.586371	0.556371	0.530508	0.507977	0.488075	0.470347	0.454423	0.440017	0.426902	0.414874	0.403831	0.393627
1.79351	1.27517	1.04304	0.904133	0.809119	0.738861	0.684237	0.640184	0.603636	0.572753	0.546128	0.522934	0.502446	0.484195	0.467802	0.452972	0.439471	0.427089	0.41572	0.405216
1.84352	1.31071	1.07211	0.929327	0.831664	0.759448	0.703302	0.658021	0.620455	0.588711	0.561344	0.537504	0.516445	0.497685	0.480836	0.465592	0.451715	0.438988	0.427303	0.416506
1.8923	1.34537	1.10046	0.953901	0.853656	0.779529	0.721899	0.67542	0.63686	0.604276	0.576186	0.551715	0.530099	0.510844	0.493549	0.477902	0.463658	0.450595	0.4386	0.427518
1.93993	1.37923	1.12815	0.9779	0.875132	0.79914	0.740059	0.692411	0.652881	0.619477	0.59068	0.565594	0.543434	0.523695	0.505964	0.489924	0.475322	0.46193	0.449633	0.438272
1.9865	1.41232	1.15521	1.00136	0.896127	0.818312	0.757813	0.709022	0.668544	0.634338	0.60485	0.579162	0.556471	0.536257	0.518102	0.501677	0.486724	0.473011	0.460419	0.448785
2.03207	1.44471	1.1817	1.02432	0.916673	0.837073	0.775187	0.725277	0.683871	0.648881	0.618717	0.59244	0.569228	0.548551	0.529979	0.513178	0.497882	0.483854	0.470975	0.459074
2.0767	1.47643	1.20765	1.04681	0.936796	0.855449	0.792204	0.741198	0.698883	0.663125	0.632298	0.605444	0.581723	0.560592	0.541613	0.524442	0.508811	0.494475	0.481313	0.469151
2.12046	1.50753	1.23308	1.06885	0.956523	0.873462	0.808885	0.756805	0.713598	0.677087	0.645612	0.618193	0.593972	0.572396	0.553017	0.535485	0.519524	0.504887	0.491447	0.479029
2.16338	1.53804	1.25803	1.09048	0.975875	0.891134	0.82525	0.772115	0.728035	0.690785	0.658673	0.630699	0.605988	0.583976	0.564204	0.546318	0.530034	0.515101	0.501389	0.488719
2.20552	1.56799	1.28252	1.11171	0.994873	0.908482	0.841315	0.787146	0.742208	0.704233	0.671495	0.642976	0.617784	0.595344	0.575187	0.556952	0.540352	0.525128	0.511149	0.498233
2.24692	1.59741	1.30658	1.13256	1.01354	0.925524	0.857097	0.801912	0.75613	0.717443	0.684091	0.655037	0.629373	0.606511	0.585977	0.5674	0.550488	0.534978	0.520737	0.507579
2.28761	1.62632	1.33024	1.15306	1.03188	0.942276	0.87261	0.816426	0.769816	0.730428	0.696472	0.666893	0.640764	0.617488	0.596582	0.577669	0.560451	0.54466	0.530161	0.516765
2.32763	1.65477	1.3535	1.17323	1.04992	0.958752	0.887868	0.830701	0.783275	0.743199	0.70865	0.678553	0.651967	0.628284	0.607013	0.587769	0.57025	0.554183	0.539431	0.5258
2.36701	1.68275	1.37639	1.19307	1.06768	0.974964	0.902882	0.844748	0.79652	0.755766	0.720633	0.690027	0.662991	0.638908	0.617277	0.597707	0.579892	0.563554	0.548552	0.534691
2.40578	1.71031	1.39892	1.2126	1.08516	0.990927	0.917663	0.858578	0.809561	0.768139	0.732431	0.701323	0.673845	0.649368	0.627382	0.607493	0.589386	0.57278	0.557532	0.543444
2.44397	1.73745	1.42112	1.23184	1.10238	1.00665	0.932224	0.8722	0.822406	0.780326	0.744052	0.712451	0.684537	0.659671	0.637336	0.617131	0.598737	0.581867	0.566378	0.552066
2.48161	1.7642	1.443	1.2508	1.11935	1.02214	0.946572	0.885625	0.835063	0.792337	0.755503	0.723416	0.695072	0.669824	0.647146	0.626629	0.607952	0.590823	0.575095	0.560563
2.51871	1.79057	1.46456	1.2695	1.13607	1.03742	0.960717	0.898859	0.847542	0.804177	0.766793	0.734226	0.705459	0.679833	0.656816	0.635993	0.617036	0.599652	0.583689	0.568939
2.5553	1.81658	1.48583	1.28793	1.15257	1.05248	0.974668	0.911911	0.859849	0.815854	0.777927	0.744887	0.715703	0.689705	0.666353	0.645228	0.625996	0.608359	0.592164	0.577201
2.5914	1.84223	1.50682	1.30612	1.16885	1.06735	0.988432	0.924789	0.871992	0.827375	0.788913	0.755406	0.725809	0.699444	0.675763	0.654339	0.634836	0.616949	0.600526	0.585351
2.62704	1.86756	1.52753	1.32407	1.18491	1.08202	1.00202	0.937499	0.883976	0.838746	0.799755	0.765788	0.735784	0.709056	0.68505	0.663332	0.64356	0.625428	0.608779	0.593396
2.66221	1.89256	1.54798	1.3418	1.20077	1.0965	1.01543	0.950047	0.895807	0.849972	0.810459	0.776037	0.745632	0.718547	0.694219	0.67221	0.652174	0.633799	0.616927	0.601338
2.69696	1.91725	1.56817	1.3593	1.21644	1.1108	1.02867	0.962439	0.907492	0.861059	0.821031	0.78616	0.755358	0.727919	0.703274	0.680978	0.66068	0.642066	0.624974	0.609181
2.73128	1.94164	1.58812	1.37659	1.23191	1.12493	1.04176	0.974682	0.919036	0.872012	0.831475	0.79616	0.764966	0.737179	0.71222	0.68964	0.669084	0.650233	0.632924	0.61693
2.7652	1.96575	1.60784	1.39368	1.2472	1.1389	1.05469	0.98678	0.930443	0.882836	0.841795	0.806042	0.774461	0.746329	0.72106	0.6982	0.677389	0.658304	0.64078	0.624588
2.79872	1.98958	1.62732	1.41057	1.26232	1.1527	1.06747	0.998739	0.941719	0.893534	0.851996	0.81581	0.783846	0.755373	0.729798	0.706661	0.685598	0.666281	0.648545	0.632157
2.83187	2.01314	1.64659	1.42727	1.27726	1.16634	1.08011	1.01056	0.952868	0.904113	0.862083	0.825468	0.793126	0.764315	0.738438	0.715027	0.693714	0.674169	0.656223	0.63964
2.86465	2.03643	1.66565	1.44379	1.29204	1.17984	1.09261	1.02226	0.963894	0.914574	0.872058	0.83502	0.802303	0.773159	0.746982	0.7233	0.701741	0.68197	0.663816	0.647041
2.89708	2.05948	1.6845	1.46013	1.30666	1.19319	1.10497	1.03382	0.974801	0.924923	0.881926	0.844468	0.811381	0.781908	0.755434	0.731485	0.709681	0.689686	0.671327	0.654363
2.92917	2.08229	1.70315	1.47629	1.32113	1.2064	1.1172	1.04527	0.985592	0.935162	0.891689	0.853817	0.820364	0.790564	0.763797	0.739582	0.717538	0.697321	0.678758	0.661607
2.96092	2.10485	1.7216	1.49229	1.33545	1.21947	1.12931	1.0566	0.996272	0.945296	0.901351	0.863069	0.829253	0.79913	0.772074	0.747596	0.725313	0.704878	0.686113	0.668776
2.99236	2.12719	1.73987	1.50813	1.34962	1.23242	1.14129	1.06781	1.00684	0.955327	0.910916	0.872227	0.838053	0.80761	0.780266	0.755529	0.733009	0.712357	0.693394	0.675872
